  A1  |  B1  |  C1  |  D1  |  A2  |  B2  |  C2  |  D2  |  Sub  |  Sum  |  Zero  |  Sub  |  Carry  
  0   |  0   |  0   |  0   |  0   |  0   |  0   |  0   |   0   |  0000 |    1   |   0   |    0   
  0   |  0   |  0   |  0   |  0   |  0   |  0   |  0   |   1   |  0000 |    1   |   1   |    1   
  0   |  0   |  0   |  0   |  0   |  0   |  0   |  1   |   0   |  0001 |    0   |   0   |    0   
  0   |  0   |  0   |  0   |  0   |  0   |  0   |  1   |   1   |  0001 |    0   |   1   |    0   
  0   |  0   |  0   |  0   |  0   |  0   |  1   |  0   |   0   |  0010 |    0   |   0   |    0   
  0   |  0   |  0   |  0   |  0   |  0   |  1   |  0   |   1   |  0011 |    0   |   1   |    0   
  0   |  0   |  0   |  0   |  0   |  0   |  1   |  1   |   0   |  0011 |    0   |   0   |    0   
  0   |  0   |  0   |  0   |  0   |  0   |  1   |  1   |   1   |  0010 |    0   |   1   |    0   
  0   |  0   |  0   |  0   |  0   |  1   |  0   |  0   |   0   |  0100 |    0   |   0   |    0   
  0   |  0   |  0   |  0   |  0   |  1   |  0   |  0   |   1   |  0111 |    0   |   1   |    0   
  0   |  0   |  0   |  0   |  0   |  1   |  0   |  1   |   0   |  0101 |    0   |   0   |    0   
  0   |  0   |  0   |  0   |  0   |  1   |  0   |  1   |   1   |  0110 |    0   |   1   |    0   
  0   |  0   |  0   |  0   |  0   |  1   |  1   |  0   |   0   |  0110 |    0   |   0   |    0   
  0   |  0   |  0   |  0   |  0   |  1   |  1   |  0   |   1   |  0101 |    0   |   1   |    0   
  0   |  0   |  0   |  0   |  0   |  1   |  1   |  1   |   0   |  0111 |    0   |   0   |    0   
  0   |  0   |  0   |  0   |  0   |  1   |  1   |  1   |   1   |  0100 |    0   |   1   |    0   
  0   |  0   |  0   |  0   |  1   |  0   |  0   |  0   |   0   |  1000 |    0   |   0   |    0   
  0   |  0   |  0   |  0   |  1   |  0   |  0   |  0   |   1   |  1111 |    0   |   1   |    0   
  0   |  0   |  0   |  0   |  1   |  0   |  0   |  1   |   0   |  1001 |    0   |   0   |    0   
  0   |  0   |  0   |  0   |  1   |  0   |  0   |  1   |   1   |  1110 |    0   |   1   |    0   
  0   |  0   |  0   |  0   |  1   |  0   |  1   |  0   |   0   |  1010 |    0   |   0   |    0   
  0   |  0   |  0   |  0   |  1   |  0   |  1   |  0   |   1   |  1101 |    0   |   1   |    0   
  0   |  0   |  0   |  0   |  1   |  0   |  1   |  1   |   0   |  1011 |    0   |   0   |    0   
  0   |  0   |  0   |  0   |  1   |  0   |  1   |  1   |   1   |  1100 |    0   |   1   |    0   
  0   |  0   |  0   |  0   |  1   |  1   |  0   |  0   |   0   |  1100 |    0   |   0   |    0   
  0   |  0   |  0   |  0   |  1   |  1   |  0   |  0   |   1   |  1011 |    0   |   1   |    0   
  0   |  0   |  0   |  0   |  1   |  1   |  0   |  1   |   0   |  1101 |    0   |   0   |    0   
  0   |  0   |  0   |  0   |  1   |  1   |  0   |  1   |   1   |  1010 |    0   |   1   |    0   
  0   |  0   |  0   |  0   |  1   |  1   |  1   |  0   |   0   |  1110 |    0   |   0   |    0   
  0   |  0   |  0   |  0   |  1   |  1   |  1   |  0   |   1   |  1001 |    0   |   1   |    0   
  0   |  0   |  0   |  0   |  1   |  1   |  1   |  1   |   0   |  1111 |    0   |   0   |    0   
  0   |  0   |  0   |  0   |  1   |  1   |  1   |  1   |   1   |  1000 |    0   |   1   |    0   
  0   |  0   |  0   |  1   |  0   |  0   |  0   |  0   |   0   |  0001 |    0   |   0   |    0   
  0   |  0   |  0   |  1   |  0   |  0   |  0   |  0   |   1   |  0001 |    0   |   1   |    1   
  0   |  0   |  0   |  1   |  0   |  0   |  0   |  1   |   0   |  0000 |    1   |   0   |    1   
  0   |  0   |  0   |  1   |  0   |  0   |  0   |  1   |   1   |  0000 |    1   |   1   |    1   
  0   |  0   |  0   |  1   |  0   |  0   |  1   |  0   |   0   |  0011 |    0   |   0   |    0   
  0   |  0   |  0   |  1   |  0   |  0   |  1   |  0   |   1   |  0010 |    0   |   1   |    1   
  0   |  0   |  0   |  1   |  0   |  0   |  1   |  1   |   0   |  0010 |    0   |   0   |    1   
  0   |  0   |  0   |  1   |  0   |  0   |  1   |  1   |   1   |  0011 |    0   |   1   |    0   
  0   |  0   |  0   |  1   |  0   |  1   |  0   |  0   |   0   |  0101 |    0   |   0   |    0   
  0   |  0   |  0   |  1   |  0   |  1   |  0   |  0   |   1   |  0110 |    0   |   1   |    1   
  0   |  0   |  0   |  1   |  0   |  1   |  0   |  1   |   0   |  0100 |    0   |   0   |    1   
  0   |  0   |  0   |  1   |  0   |  1   |  0   |  1   |   1   |  0111 |    0   |   1   |    0   
  0   |  0   |  0   |  1   |  0   |  1   |  1   |  0   |   0   |  0111 |    0   |   0   |    0   
  0   |  0   |  0   |  1   |  0   |  1   |  1   |  0   |   1   |  0100 |    0   |   1   |    1   
  0   |  0   |  0   |  1   |  0   |  1   |  1   |  1   |   0   |  0110 |    0   |   0   |    1   
  0   |  0   |  0   |  1   |  0   |  1   |  1   |  1   |   1   |  0101 |    0   |   1   |    0   
  0   |  0   |  0   |  1   |  1   |  0   |  0   |  0   |   0   |  1001 |    0   |   0   |    0   
  0   |  0   |  0   |  1   |  1   |  0   |  0   |  0   |   1   |  1110 |    0   |   1   |    1   
  0   |  0   |  0   |  1   |  1   |  0   |  0   |  1   |   0   |  1000 |    0   |   0   |    1   
  0   |  0   |  0   |  1   |  1   |  0   |  0   |  1   |   1   |  1111 |    0   |   1   |    0   
  0   |  0   |  0   |  1   |  1   |  0   |  1   |  0   |   0   |  1011 |    0   |   0   |    0   
  0   |  0   |  0   |  1   |  1   |  0   |  1   |  0   |   1   |  1100 |    0   |   1   |    1   
  0   |  0   |  0   |  1   |  1   |  0   |  1   |  1   |   0   |  1010 |    0   |   0   |    1   
  0   |  0   |  0   |  1   |  1   |  0   |  1   |  1   |   1   |  1101 |    0   |   1   |    0   
  0   |  0   |  0   |  1   |  1   |  1   |  0   |  0   |   0   |  1101 |    0   |   0   |    0   
  0   |  0   |  0   |  1   |  1   |  1   |  0   |  0   |   1   |  1010 |    0   |   1   |    1   
  0   |  0   |  0   |  1   |  1   |  1   |  0   |  1   |   0   |  1100 |    0   |   0   |    1   
  0   |  0   |  0   |  1   |  1   |  1   |  0   |  1   |   1   |  1011 |    0   |   1   |    0   
  0   |  0   |  0   |  1   |  1   |  1   |  1   |  0   |   0   |  1111 |    0   |   0   |    0   
  0   |  0   |  0   |  1   |  1   |  1   |  1   |  0   |   1   |  1000 |    0   |   1   |    1   
  0   |  0   |  0   |  1   |  1   |  1   |  1   |  1   |   0   |  1110 |    0   |   0   |    1   
  0   |  0   |  0   |  1   |  1   |  1   |  1   |  1   |   1   |  1001 |    0   |   1   |    0   
  0   |  0   |  1   |  0   |  0   |  0   |  0   |  0   |   0   |  0010 |    0   |   0   |    0   
  0   |  0   |  1   |  0   |  0   |  0   |  0   |  0   |   1   |  0010 |    0   |   1   |    1   
  0   |  0   |  1   |  0   |  0   |  0   |  0   |  1   |   0   |  0011 |    0   |   0   |    0   
  0   |  0   |  1   |  0   |  0   |  0   |  0   |  1   |   1   |  0011 |    0   |   1   |    0   
  0   |  0   |  1   |  0   |  0   |  0   |  1   |  0   |   0   |  0001 |    0   |   0   |    0   
  0   |  0   |  1   |  0   |  0   |  0   |  1   |  0   |   1   |  0000 |    1   |   1   |    1   
  0   |  0   |  1   |  0   |  0   |  0   |  1   |  1   |   0   |  0000 |    1   |   0   |    1   
  0   |  0   |  1   |  0   |  0   |  0   |  1   |  1   |   1   |  0001 |    0   |   1   |    0   
  0   |  0   |  1   |  0   |  0   |  1   |  0   |  0   |   0   |  0110 |    0   |   0   |    0   
  0   |  0   |  1   |  0   |  0   |  1   |  0   |  0   |   1   |  0100 |    0   |   1   |    1   
  0   |  0   |  1   |  0   |  0   |  1   |  0   |  1   |   0   |  0111 |    0   |   0   |    0   
  0   |  0   |  1   |  0   |  0   |  1   |  0   |  1   |   1   |  0101 |    0   |   1   |    0   
  0   |  0   |  1   |  0   |  0   |  1   |  1   |  0   |   0   |  0101 |    0   |   0   |    0   
  0   |  0   |  1   |  0   |  0   |  1   |  1   |  0   |   1   |  0111 |    0   |   1   |    0   
  0   |  0   |  1   |  0   |  0   |  1   |  1   |  1   |   0   |  0100 |    0   |   0   |    1   
  0   |  0   |  1   |  0   |  0   |  1   |  1   |  1   |   1   |  0110 |    0   |   1   |    0   
  0   |  0   |  1   |  0   |  1   |  0   |  0   |  0   |   0   |  1010 |    0   |   0   |    0   
  0   |  0   |  1   |  0   |  1   |  0   |  0   |  0   |   1   |  1100 |    0   |   1   |    1   
  0   |  0   |  1   |  0   |  1   |  0   |  0   |  1   |   0   |  1011 |    0   |   0   |    0   
  0   |  0   |  1   |  0   |  1   |  0   |  0   |  1   |   1   |  1101 |    0   |   1   |    0   
  0   |  0   |  1   |  0   |  1   |  0   |  1   |  0   |   0   |  1001 |    0   |   0   |    0   
  0   |  0   |  1   |  0   |  1   |  0   |  1   |  0   |   1   |  1111 |    0   |   1   |    0   
  0   |  0   |  1   |  0   |  1   |  0   |  1   |  1   |   0   |  1000 |    0   |   0   |    1   
  0   |  0   |  1   |  0   |  1   |  0   |  1   |  1   |   1   |  1110 |    0   |   1   |    0   
  0   |  0   |  1   |  0   |  1   |  1   |  0   |  0   |   0   |  1110 |    0   |   0   |    0   
  0   |  0   |  1   |  0   |  1   |  1   |  0   |  0   |   1   |  1000 |    0   |   1   |    1   
  0   |  0   |  1   |  0   |  1   |  1   |  0   |  1   |   0   |  1111 |    0   |   0   |    0   
  0   |  0   |  1   |  0   |  1   |  1   |  0   |  1   |   1   |  1001 |    0   |   1   |    0   
  0   |  0   |  1   |  0   |  1   |  1   |  1   |  0   |   0   |  1101 |    0   |   0   |    0   
  0   |  0   |  1   |  0   |  1   |  1   |  1   |  0   |   1   |  1011 |    0   |   1   |    0   
  0   |  0   |  1   |  0   |  1   |  1   |  1   |  1   |   0   |  1100 |    0   |   0   |    1   
  0   |  0   |  1   |  0   |  1   |  1   |  1   |  1   |   1   |  1010 |    0   |   1   |    0   
  0   |  0   |  1   |  1   |  0   |  0   |  0   |  0   |   0   |  0011 |    0   |   0   |    0   
  0   |  0   |  1   |  1   |  0   |  0   |  0   |  0   |   1   |  0011 |    0   |   1   |    1   
  0   |  0   |  1   |  1   |  0   |  0   |  0   |  1   |   0   |  0010 |    0   |   0   |    1   
  0   |  0   |  1   |  1   |  0   |  0   |  0   |  1   |   1   |  0010 |    0   |   1   |    1   
  0   |  0   |  1   |  1   |  0   |  0   |  1   |  0   |   0   |  0000 |    1   |   0   |    1   
  0   |  0   |  1   |  1   |  0   |  0   |  1   |  0   |   1   |  0001 |    0   |   1   |    1   
  0   |  0   |  1   |  1   |  0   |  0   |  1   |  1   |   0   |  0001 |    0   |   0   |    1   
  0   |  0   |  1   |  1   |  0   |  0   |  1   |  1   |   1   |  0000 |    1   |   1   |    1   
  0   |  0   |  1   |  1   |  0   |  1   |  0   |  0   |   0   |  0111 |    0   |   0   |    0   
  0   |  0   |  1   |  1   |  0   |  1   |  0   |  0   |   1   |  0101 |    0   |   1   |    1   
  0   |  0   |  1   |  1   |  0   |  1   |  0   |  1   |   0   |  0110 |    0   |   0   |    1   
  0   |  0   |  1   |  1   |  0   |  1   |  0   |  1   |   1   |  0100 |    0   |   1   |    1   
  0   |  0   |  1   |  1   |  0   |  1   |  1   |  0   |   0   |  0100 |    0   |   0   |    1   
  0   |  0   |  1   |  1   |  0   |  1   |  1   |  0   |   1   |  0110 |    0   |   1   |    1   
  0   |  0   |  1   |  1   |  0   |  1   |  1   |  1   |   0   |  0101 |    0   |   0   |    1   
  0   |  0   |  1   |  1   |  0   |  1   |  1   |  1   |   1   |  0111 |    0   |   1   |    0   
  0   |  0   |  1   |  1   |  1   |  0   |  0   |  0   |   0   |  1011 |    0   |   0   |    0   
  0   |  0   |  1   |  1   |  1   |  0   |  0   |  0   |   1   |  1101 |    0   |   1   |    1   
  0   |  0   |  1   |  1   |  1   |  0   |  0   |  1   |   0   |  1010 |    0   |   0   |    1   
  0   |  0   |  1   |  1   |  1   |  0   |  0   |  1   |   1   |  1100 |    0   |   1   |    1   
  0   |  0   |  1   |  1   |  1   |  0   |  1   |  0   |   0   |  1000 |    0   |   0   |    1   
  0   |  0   |  1   |  1   |  1   |  0   |  1   |  0   |   1   |  1110 |    0   |   1   |    1   
  0   |  0   |  1   |  1   |  1   |  0   |  1   |  1   |   0   |  1001 |    0   |   0   |    1   
  0   |  0   |  1   |  1   |  1   |  0   |  1   |  1   |   1   |  1111 |    0   |   1   |    0   
  0   |  0   |  1   |  1   |  1   |  1   |  0   |  0   |   0   |  1111 |    0   |   0   |    0   
  0   |  0   |  1   |  1   |  1   |  1   |  0   |  0   |   1   |  1001 |    0   |   1   |    1   
  0   |  0   |  1   |  1   |  1   |  1   |  0   |  1   |   0   |  1110 |    0   |   0   |    1   
  0   |  0   |  1   |  1   |  1   |  1   |  0   |  1   |   1   |  1000 |    0   |   1   |    1   
  0   |  0   |  1   |  1   |  1   |  1   |  1   |  0   |   0   |  1100 |    0   |   0   |    1   
  0   |  0   |  1   |  1   |  1   |  1   |  1   |  0   |   1   |  1010 |    0   |   1   |    1   
  0   |  0   |  1   |  1   |  1   |  1   |  1   |  1   |   0   |  1101 |    0   |   0   |    1   
  0   |  0   |  1   |  1   |  1   |  1   |  1   |  1   |   1   |  1011 |    0   |   1   |    0   
  0   |  1   |  0   |  0   |  0   |  0   |  0   |  0   |   0   |  0100 |    0   |   0   |    0   
  0   |  1   |  0   |  0   |  0   |  0   |  0   |  0   |   1   |  0100 |    0   |   1   |    1   
  0   |  1   |  0   |  0   |  0   |  0   |  0   |  1   |   0   |  0101 |    0   |   0   |    0   
  0   |  1   |  0   |  0   |  0   |  0   |  0   |  1   |   1   |  0101 |    0   |   1   |    0   
  0   |  1   |  0   |  0   |  0   |  0   |  1   |  0   |   0   |  0110 |    0   |   0   |    0   
  0   |  1   |  0   |  0   |  0   |  0   |  1   |  0   |   1   |  0111 |    0   |   1   |    0   
  0   |  1   |  0   |  0   |  0   |  0   |  1   |  1   |   0   |  0111 |    0   |   0   |    0   
  0   |  1   |  0   |  0   |  0   |  0   |  1   |  1   |   1   |  0110 |    0   |   1   |    0   
  0   |  1   |  0   |  0   |  0   |  1   |  0   |  0   |   0   |  0010 |    0   |   0   |    0   
  0   |  1   |  0   |  0   |  0   |  1   |  0   |  0   |   1   |  0000 |    1   |   1   |    1   
  0   |  1   |  0   |  0   |  0   |  1   |  0   |  1   |   0   |  0011 |    0   |   0   |    0   
  0   |  1   |  0   |  0   |  0   |  1   |  0   |  1   |   1   |  0001 |    0   |   1   |    0   
  0   |  1   |  0   |  0   |  0   |  1   |  1   |  0   |   0   |  0001 |    0   |   0   |    0   
  0   |  1   |  0   |  0   |  0   |  1   |  1   |  0   |   1   |  0011 |    0   |   1   |    0   
  0   |  1   |  0   |  0   |  0   |  1   |  1   |  1   |   0   |  0000 |    1   |   0   |    1   
  0   |  1   |  0   |  0   |  0   |  1   |  1   |  1   |   1   |  0010 |    0   |   1   |    0   
  0   |  1   |  0   |  0   |  1   |  0   |  0   |  0   |   0   |  1100 |    0   |   0   |    0   
  0   |  1   |  0   |  0   |  1   |  0   |  0   |  0   |   1   |  1000 |    0   |   1   |    1   
  0   |  1   |  0   |  0   |  1   |  0   |  0   |  1   |   0   |  1101 |    0   |   0   |    0   
  0   |  1   |  0   |  0   |  1   |  0   |  0   |  1   |   1   |  1001 |    0   |   1   |    0   
  0   |  1   |  0   |  0   |  1   |  0   |  1   |  0   |   0   |  1110 |    0   |   0   |    0   
  0   |  1   |  0   |  0   |  1   |  0   |  1   |  0   |   1   |  1011 |    0   |   1   |    0   
  0   |  1   |  0   |  0   |  1   |  0   |  1   |  1   |   0   |  1111 |    0   |   0   |    0   
  0   |  1   |  0   |  0   |  1   |  0   |  1   |  1   |   1   |  1010 |    0   |   1   |    0   
  0   |  1   |  0   |  0   |  1   |  1   |  0   |  0   |   0   |  1010 |    0   |   0   |    0   
  0   |  1   |  0   |  0   |  1   |  1   |  0   |  0   |   1   |  1111 |    0   |   1   |    0   
  0   |  1   |  0   |  0   |  1   |  1   |  0   |  1   |   0   |  1011 |    0   |   0   |    0   
  0   |  1   |  0   |  0   |  1   |  1   |  0   |  1   |   1   |  1110 |    0   |   1   |    0   
  0   |  1   |  0   |  0   |  1   |  1   |  1   |  0   |   0   |  1001 |    0   |   0   |    0   
  0   |  1   |  0   |  0   |  1   |  1   |  1   |  0   |   1   |  1101 |    0   |   1   |    0   
  0   |  1   |  0   |  0   |  1   |  1   |  1   |  1   |   0   |  1000 |    0   |   0   |    1   
  0   |  1   |  0   |  0   |  1   |  1   |  1   |  1   |   1   |  1100 |    0   |   1   |    0   
  0   |  1   |  0   |  1   |  0   |  0   |  0   |  0   |   0   |  0101 |    0   |   0   |    0   
  0   |  1   |  0   |  1   |  0   |  0   |  0   |  0   |   1   |  0101 |    0   |   1   |    1   
  0   |  1   |  0   |  1   |  0   |  0   |  0   |  1   |   0   |  0100 |    0   |   0   |    1   
  0   |  1   |  0   |  1   |  0   |  0   |  0   |  1   |   1   |  0100 |    0   |   1   |    1   
  0   |  1   |  0   |  1   |  0   |  0   |  1   |  0   |   0   |  0111 |    0   |   0   |    0   
  0   |  1   |  0   |  1   |  0   |  0   |  1   |  0   |   1   |  0110 |    0   |   1   |    1   
  0   |  1   |  0   |  1   |  0   |  0   |  1   |  1   |   0   |  0110 |    0   |   0   |    1   
  0   |  1   |  0   |  1   |  0   |  0   |  1   |  1   |   1   |  0111 |    0   |   1   |    0   
  0   |  1   |  0   |  1   |  0   |  1   |  0   |  0   |   0   |  0011 |    0   |   0   |    0   
  0   |  1   |  0   |  1   |  0   |  1   |  0   |  0   |   1   |  0001 |    0   |   1   |    1   
  0   |  1   |  0   |  1   |  0   |  1   |  0   |  1   |   0   |  0010 |    0   |   0   |    1   
  0   |  1   |  0   |  1   |  0   |  1   |  0   |  1   |   1   |  0000 |    1   |   1   |    1   
  0   |  1   |  0   |  1   |  0   |  1   |  1   |  0   |   0   |  0000 |    1   |   0   |    1   
  0   |  1   |  0   |  1   |  0   |  1   |  1   |  0   |   1   |  0010 |    0   |   1   |    1   
  0   |  1   |  0   |  1   |  0   |  1   |  1   |  1   |   0   |  0001 |    0   |   0   |    1   
  0   |  1   |  0   |  1   |  0   |  1   |  1   |  1   |   1   |  0011 |    0   |   1   |    0   
  0   |  1   |  0   |  1   |  1   |  0   |  0   |  0   |   0   |  1101 |    0   |   0   |    0   
  0   |  1   |  0   |  1   |  1   |  0   |  0   |  0   |   1   |  1001 |    0   |   1   |    1   
  0   |  1   |  0   |  1   |  1   |  0   |  0   |  1   |   0   |  1100 |    0   |   0   |    1   
  0   |  1   |  0   |  1   |  1   |  0   |  0   |  1   |   1   |  1000 |    0   |   1   |    1   
  0   |  1   |  0   |  1   |  1   |  0   |  1   |  0   |   0   |  1111 |    0   |   0   |    0   
  0   |  1   |  0   |  1   |  1   |  0   |  1   |  0   |   1   |  1010 |    0   |   1   |    1   
  0   |  1   |  0   |  1   |  1   |  0   |  1   |  1   |   0   |  1110 |    0   |   0   |    1   
  0   |  1   |  0   |  1   |  1   |  0   |  1   |  1   |   1   |  1011 |    0   |   1   |    0   
  0   |  1   |  0   |  1   |  1   |  1   |  0   |  0   |   0   |  1011 |    0   |   0   |    0   
  0   |  1   |  0   |  1   |  1   |  1   |  0   |  0   |   1   |  1110 |    0   |   1   |    1   
  0   |  1   |  0   |  1   |  1   |  1   |  0   |  1   |   0   |  1010 |    0   |   0   |    1   
  0   |  1   |  0   |  1   |  1   |  1   |  0   |  1   |   1   |  1111 |    0   |   1   |    0   
  0   |  1   |  0   |  1   |  1   |  1   |  1   |  0   |   0   |  1000 |    0   |   0   |    1   
  0   |  1   |  0   |  1   |  1   |  1   |  1   |  0   |   1   |  1100 |    0   |   1   |    1   
  0   |  1   |  0   |  1   |  1   |  1   |  1   |  1   |   0   |  1001 |    0   |   0   |    1   
  0   |  1   |  0   |  1   |  1   |  1   |  1   |  1   |   1   |  1101 |    0   |   1   |    0   
  0   |  1   |  1   |  0   |  0   |  0   |  0   |  0   |   0   |  0110 |    0   |   0   |    0   
  0   |  1   |  1   |  0   |  0   |  0   |  0   |  0   |   1   |  0110 |    0   |   1   |    1   
  0   |  1   |  1   |  0   |  0   |  0   |  0   |  1   |   0   |  0111 |    0   |   0   |    0   
  0   |  1   |  1   |  0   |  0   |  0   |  0   |  1   |   1   |  0111 |    0   |   1   |    0   
  0   |  1   |  1   |  0   |  0   |  0   |  1   |  0   |   0   |  0101 |    0   |   0   |    0   
  0   |  1   |  1   |  0   |  0   |  0   |  1   |  0   |   1   |  0100 |    0   |   1   |    1   
  0   |  1   |  1   |  0   |  0   |  0   |  1   |  1   |   0   |  0100 |    0   |   0   |    1   
  0   |  1   |  1   |  0   |  0   |  0   |  1   |  1   |   1   |  0101 |    0   |   1   |    0   
  0   |  1   |  1   |  0   |  0   |  1   |  0   |  0   |   0   |  0001 |    0   |   0   |    0   
  0   |  1   |  1   |  0   |  0   |  1   |  0   |  0   |   1   |  0010 |    0   |   1   |    1   
  0   |  1   |  1   |  0   |  0   |  1   |  0   |  1   |   0   |  0000 |    1   |   0   |    1   
  0   |  1   |  1   |  0   |  0   |  1   |  0   |  1   |   1   |  0011 |    0   |   1   |    0   
  0   |  1   |  1   |  0   |  0   |  1   |  1   |  0   |   0   |  0011 |    0   |   0   |    0   
  0   |  1   |  1   |  0   |  0   |  1   |  1   |  0   |   1   |  0000 |    1   |   1   |    1   
  0   |  1   |  1   |  0   |  0   |  1   |  1   |  1   |   0   |  0010 |    0   |   0   |    1   
  0   |  1   |  1   |  0   |  0   |  1   |  1   |  1   |   1   |  0001 |    0   |   1   |    0   
  0   |  1   |  1   |  0   |  1   |  0   |  0   |  0   |   0   |  1110 |    0   |   0   |    0   
  0   |  1   |  1   |  0   |  1   |  0   |  0   |  0   |   1   |  1010 |    0   |   1   |    1   
  0   |  1   |  1   |  0   |  1   |  0   |  0   |  1   |   0   |  1111 |    0   |   0   |    0   
  0   |  1   |  1   |  0   |  1   |  0   |  0   |  1   |   1   |  1011 |    0   |   1   |    0   
  0   |  1   |  1   |  0   |  1   |  0   |  1   |  0   |   0   |  1101 |    0   |   0   |    0   
  0   |  1   |  1   |  0   |  1   |  0   |  1   |  0   |   1   |  1000 |    0   |   1   |    1   
  0   |  1   |  1   |  0   |  1   |  0   |  1   |  1   |   0   |  1100 |    0   |   0   |    1   
  0   |  1   |  1   |  0   |  1   |  0   |  1   |  1   |   1   |  1001 |    0   |   1   |    0   
  0   |  1   |  1   |  0   |  1   |  1   |  0   |  0   |   0   |  1001 |    0   |   0   |    0   
  0   |  1   |  1   |  0   |  1   |  1   |  0   |  0   |   1   |  1100 |    0   |   1   |    1   
  0   |  1   |  1   |  0   |  1   |  1   |  0   |  1   |   0   |  1000 |    0   |   0   |    1   
  0   |  1   |  1   |  0   |  1   |  1   |  0   |  1   |   1   |  1101 |    0   |   1   |    0   
  0   |  1   |  1   |  0   |  1   |  1   |  1   |  0   |   0   |  1011 |    0   |   0   |    0   
  0   |  1   |  1   |  0   |  1   |  1   |  1   |  0   |   1   |  1111 |    0   |   1   |    0   
  0   |  1   |  1   |  0   |  1   |  1   |  1   |  1   |   0   |  1010 |    0   |   0   |    1   
  0   |  1   |  1   |  0   |  1   |  1   |  1   |  1   |   1   |  1110 |    0   |   1   |    0   
  0   |  1   |  1   |  1   |  0   |  0   |  0   |  0   |   0   |  0111 |    0   |   0   |    0   
  0   |  1   |  1   |  1   |  0   |  0   |  0   |  0   |   1   |  0111 |    0   |   1   |    1   
  0   |  1   |  1   |  1   |  0   |  0   |  0   |  1   |   0   |  0110 |    0   |   0   |    1   
  0   |  1   |  1   |  1   |  0   |  0   |  0   |  1   |   1   |  0110 |    0   |   1   |    1   
  0   |  1   |  1   |  1   |  0   |  0   |  1   |  0   |   0   |  0100 |    0   |   0   |    1   
  0   |  1   |  1   |  1   |  0   |  0   |  1   |  0   |   1   |  0101 |    0   |   1   |    1   
  0   |  1   |  1   |  1   |  0   |  0   |  1   |  1   |   0   |  0101 |    0   |   0   |    1   
  0   |  1   |  1   |  1   |  0   |  0   |  1   |  1   |   1   |  0100 |    0   |   1   |    1   
  0   |  1   |  1   |  1   |  0   |  1   |  0   |  0   |   0   |  0000 |    1   |   0   |    1   
  0   |  1   |  1   |  1   |  0   |  1   |  0   |  0   |   1   |  0011 |    0   |   1   |    1   
  0   |  1   |  1   |  1   |  0   |  1   |  0   |  1   |   0   |  0001 |    0   |   0   |    1   
  0   |  1   |  1   |  1   |  0   |  1   |  0   |  1   |   1   |  0010 |    0   |   1   |    1   
  0   |  1   |  1   |  1   |  0   |  1   |  1   |  0   |   0   |  0010 |    0   |   0   |    1   
  0   |  1   |  1   |  1   |  0   |  1   |  1   |  0   |   1   |  0001 |    0   |   1   |    1   
  0   |  1   |  1   |  1   |  0   |  1   |  1   |  1   |   0   |  0011 |    0   |   0   |    1   
  0   |  1   |  1   |  1   |  0   |  1   |  1   |  1   |   1   |  0000 |    1   |   1   |    1   
  0   |  1   |  1   |  1   |  1   |  0   |  0   |  0   |   0   |  1111 |    0   |   0   |    0   
  0   |  1   |  1   |  1   |  1   |  0   |  0   |  0   |   1   |  1011 |    0   |   1   |    1   
  0   |  1   |  1   |  1   |  1   |  0   |  0   |  1   |   0   |  1110 |    0   |   0   |    1   
  0   |  1   |  1   |  1   |  1   |  0   |  0   |  1   |   1   |  1010 |    0   |   1   |    1   
  0   |  1   |  1   |  1   |  1   |  0   |  1   |  0   |   0   |  1100 |    0   |   0   |    1   
  0   |  1   |  1   |  1   |  1   |  0   |  1   |  0   |   1   |  1001 |    0   |   1   |    1   
  0   |  1   |  1   |  1   |  1   |  0   |  1   |  1   |   0   |  1101 |    0   |   0   |    1   
  0   |  1   |  1   |  1   |  1   |  0   |  1   |  1   |   1   |  1000 |    0   |   1   |    1   
  0   |  1   |  1   |  1   |  1   |  1   |  0   |  0   |   0   |  1000 |    0   |   0   |    1   
  0   |  1   |  1   |  1   |  1   |  1   |  0   |  0   |   1   |  1101 |    0   |   1   |    1   
  0   |  1   |  1   |  1   |  1   |  1   |  0   |  1   |   0   |  1001 |    0   |   0   |    1   
  0   |  1   |  1   |  1   |  1   |  1   |  0   |  1   |   1   |  1100 |    0   |   1   |    1   
  0   |  1   |  1   |  1   |  1   |  1   |  1   |  0   |   0   |  1010 |    0   |   0   |    1   
  0   |  1   |  1   |  1   |  1   |  1   |  1   |  0   |   1   |  1110 |    0   |   1   |    1   
  0   |  1   |  1   |  1   |  1   |  1   |  1   |  1   |   0   |  1011 |    0   |   0   |    1   
  0   |  1   |  1   |  1   |  1   |  1   |  1   |  1   |   1   |  1111 |    0   |   1   |    0   
  1   |  0   |  0   |  0   |  0   |  0   |  0   |  0   |   0   |  1000 |    0   |   0   |    0   
  1   |  0   |  0   |  0   |  0   |  0   |  0   |  0   |   1   |  1000 |    0   |   1   |    1   
  1   |  0   |  0   |  0   |  0   |  0   |  0   |  1   |   0   |  1001 |    0   |   0   |    0   
  1   |  0   |  0   |  0   |  0   |  0   |  0   |  1   |   1   |  1001 |    0   |   1   |    0   
  1   |  0   |  0   |  0   |  0   |  0   |  1   |  0   |   0   |  1010 |    0   |   0   |    0   
  1   |  0   |  0   |  0   |  0   |  0   |  1   |  0   |   1   |  1011 |    0   |   1   |    0   
  1   |  0   |  0   |  0   |  0   |  0   |  1   |  1   |   0   |  1011 |    0   |   0   |    0   
  1   |  0   |  0   |  0   |  0   |  0   |  1   |  1   |   1   |  1010 |    0   |   1   |    0   
  1   |  0   |  0   |  0   |  0   |  1   |  0   |  0   |   0   |  1100 |    0   |   0   |    0   
  1   |  0   |  0   |  0   |  0   |  1   |  0   |  0   |   1   |  1111 |    0   |   1   |    0   
  1   |  0   |  0   |  0   |  0   |  1   |  0   |  1   |   0   |  1101 |    0   |   0   |    0   
  1   |  0   |  0   |  0   |  0   |  1   |  0   |  1   |   1   |  1110 |    0   |   1   |    0   
  1   |  0   |  0   |  0   |  0   |  1   |  1   |  0   |   0   |  1110 |    0   |   0   |    0   
  1   |  0   |  0   |  0   |  0   |  1   |  1   |  0   |   1   |  1101 |    0   |   1   |    0   
  1   |  0   |  0   |  0   |  0   |  1   |  1   |  1   |   0   |  1111 |    0   |   0   |    0   
  1   |  0   |  0   |  0   |  0   |  1   |  1   |  1   |   1   |  1100 |    0   |   1   |    0   
  1   |  0   |  0   |  0   |  1   |  0   |  0   |  0   |   0   |  0100 |    0   |   0   |    0   
  1   |  0   |  0   |  0   |  1   |  0   |  0   |  0   |   1   |  0000 |    1   |   1   |    1   
  1   |  0   |  0   |  0   |  1   |  0   |  0   |  1   |   0   |  0101 |    0   |   0   |    0   
  1   |  0   |  0   |  0   |  1   |  0   |  0   |  1   |   1   |  0001 |    0   |   1   |    0   
  1   |  0   |  0   |  0   |  1   |  0   |  1   |  0   |   0   |  0110 |    0   |   0   |    0   
  1   |  0   |  0   |  0   |  1   |  0   |  1   |  0   |   1   |  0011 |    0   |   1   |    0   
  1   |  0   |  0   |  0   |  1   |  0   |  1   |  1   |   0   |  0111 |    0   |   0   |    0   
  1   |  0   |  0   |  0   |  1   |  0   |  1   |  1   |   1   |  0010 |    0   |   1   |    0   
  1   |  0   |  0   |  0   |  1   |  1   |  0   |  0   |   0   |  0010 |    0   |   0   |    0   
  1   |  0   |  0   |  0   |  1   |  1   |  0   |  0   |   1   |  0111 |    0   |   1   |    0   
  1   |  0   |  0   |  0   |  1   |  1   |  0   |  1   |   0   |  0011 |    0   |   0   |    0   
  1   |  0   |  0   |  0   |  1   |  1   |  0   |  1   |   1   |  0110 |    0   |   1   |    0   
  1   |  0   |  0   |  0   |  1   |  1   |  1   |  0   |   0   |  0001 |    0   |   0   |    0   
  1   |  0   |  0   |  0   |  1   |  1   |  1   |  0   |   1   |  0101 |    0   |   1   |    0   
  1   |  0   |  0   |  0   |  1   |  1   |  1   |  1   |   0   |  0000 |    1   |   0   |    1   
  1   |  0   |  0   |  0   |  1   |  1   |  1   |  1   |   1   |  0100 |    0   |   1   |    0   
  1   |  0   |  0   |  1   |  0   |  0   |  0   |  0   |   0   |  1001 |    0   |   0   |    0   
  1   |  0   |  0   |  1   |  0   |  0   |  0   |  0   |   1   |  1001 |    0   |   1   |    1   
  1   |  0   |  0   |  1   |  0   |  0   |  0   |  1   |   0   |  1000 |    0   |   0   |    1   
  1   |  0   |  0   |  1   |  0   |  0   |  0   |  1   |   1   |  1000 |    0   |   1   |    1   
  1   |  0   |  0   |  1   |  0   |  0   |  1   |  0   |   0   |  1011 |    0   |   0   |    0   
  1   |  0   |  0   |  1   |  0   |  0   |  1   |  0   |   1   |  1010 |    0   |   1   |    1   
  1   |  0   |  0   |  1   |  0   |  0   |  1   |  1   |   0   |  1010 |    0   |   0   |    1   
  1   |  0   |  0   |  1   |  0   |  0   |  1   |  1   |   1   |  1011 |    0   |   1   |    0   
  1   |  0   |  0   |  1   |  0   |  1   |  0   |  0   |   0   |  1101 |    0   |   0   |    0   
  1   |  0   |  0   |  1   |  0   |  1   |  0   |  0   |   1   |  1110 |    0   |   1   |    1   
  1   |  0   |  0   |  1   |  0   |  1   |  0   |  1   |   0   |  1100 |    0   |   0   |    1   
  1   |  0   |  0   |  1   |  0   |  1   |  0   |  1   |   1   |  1111 |    0   |   1   |    0   
  1   |  0   |  0   |  1   |  0   |  1   |  1   |  0   |   0   |  1111 |    0   |   0   |    0   
  1   |  0   |  0   |  1   |  0   |  1   |  1   |  0   |   1   |  1100 |    0   |   1   |    1   
  1   |  0   |  0   |  1   |  0   |  1   |  1   |  1   |   0   |  1110 |    0   |   0   |    1   
  1   |  0   |  0   |  1   |  0   |  1   |  1   |  1   |   1   |  1101 |    0   |   1   |    0   
  1   |  0   |  0   |  1   |  1   |  0   |  0   |  0   |   0   |  0101 |    0   |   0   |    0   
  1   |  0   |  0   |  1   |  1   |  0   |  0   |  0   |   1   |  0001 |    0   |   1   |    1   
  1   |  0   |  0   |  1   |  1   |  0   |  0   |  1   |   0   |  0100 |    0   |   0   |    1   
  1   |  0   |  0   |  1   |  1   |  0   |  0   |  1   |   1   |  0000 |    1   |   1   |    1   
  1   |  0   |  0   |  1   |  1   |  0   |  1   |  0   |   0   |  0111 |    0   |   0   |    0   
  1   |  0   |  0   |  1   |  1   |  0   |  1   |  0   |   1   |  0010 |    0   |   1   |    1   
  1   |  0   |  0   |  1   |  1   |  0   |  1   |  1   |   0   |  0110 |    0   |   0   |    1   
  1   |  0   |  0   |  1   |  1   |  0   |  1   |  1   |   1   |  0011 |    0   |   1   |    0   
  1   |  0   |  0   |  1   |  1   |  1   |  0   |  0   |   0   |  0011 |    0   |   0   |    0   
  1   |  0   |  0   |  1   |  1   |  1   |  0   |  0   |   1   |  0110 |    0   |   1   |    1   
  1   |  0   |  0   |  1   |  1   |  1   |  0   |  1   |   0   |  0010 |    0   |   0   |    1   
  1   |  0   |  0   |  1   |  1   |  1   |  0   |  1   |   1   |  0111 |    0   |   1   |    0   
  1   |  0   |  0   |  1   |  1   |  1   |  1   |  0   |   0   |  0000 |    1   |   0   |    1   
  1   |  0   |  0   |  1   |  1   |  1   |  1   |  0   |   1   |  0100 |    0   |   1   |    1   
  1   |  0   |  0   |  1   |  1   |  1   |  1   |  1   |   0   |  0001 |    0   |   0   |    1   
  1   |  0   |  0   |  1   |  1   |  1   |  1   |  1   |   1   |  0101 |    0   |   1   |    0   
  1   |  0   |  1   |  0   |  0   |  0   |  0   |  0   |   0   |  1010 |    0   |   0   |    0   
  1   |  0   |  1   |  0   |  0   |  0   |  0   |  0   |   1   |  1010 |    0   |   1   |    1   
  1   |  0   |  1   |  0   |  0   |  0   |  0   |  1   |   0   |  1011 |    0   |   0   |    0   
  1   |  0   |  1   |  0   |  0   |  0   |  0   |  1   |   1   |  1011 |    0   |   1   |    0   
  1   |  0   |  1   |  0   |  0   |  0   |  1   |  0   |   0   |  1001 |    0   |   0   |    0   
  1   |  0   |  1   |  0   |  0   |  0   |  1   |  0   |   1   |  1000 |    0   |   1   |    1   
  1   |  0   |  1   |  0   |  0   |  0   |  1   |  1   |   0   |  1000 |    0   |   0   |    1   
  1   |  0   |  1   |  0   |  0   |  0   |  1   |  1   |   1   |  1001 |    0   |   1   |    0   
  1   |  0   |  1   |  0   |  0   |  1   |  0   |  0   |   0   |  1110 |    0   |   0   |    0   
  1   |  0   |  1   |  0   |  0   |  1   |  0   |  0   |   1   |  1100 |    0   |   1   |    1   
  1   |  0   |  1   |  0   |  0   |  1   |  0   |  1   |   0   |  1111 |    0   |   0   |    0   
  1   |  0   |  1   |  0   |  0   |  1   |  0   |  1   |   1   |  1101 |    0   |   1   |    0   
  1   |  0   |  1   |  0   |  0   |  1   |  1   |  0   |   0   |  1101 |    0   |   0   |    0   
  1   |  0   |  1   |  0   |  0   |  1   |  1   |  0   |   1   |  1111 |    0   |   1   |    0   
  1   |  0   |  1   |  0   |  0   |  1   |  1   |  1   |   0   |  1100 |    0   |   0   |    1   
  1   |  0   |  1   |  0   |  0   |  1   |  1   |  1   |   1   |  1110 |    0   |   1   |    0   
  1   |  0   |  1   |  0   |  1   |  0   |  0   |  0   |   0   |  0110 |    0   |   0   |    0   
  1   |  0   |  1   |  0   |  1   |  0   |  0   |  0   |   1   |  0010 |    0   |   1   |    1   
  1   |  0   |  1   |  0   |  1   |  0   |  0   |  1   |   0   |  0111 |    0   |   0   |    0   
  1   |  0   |  1   |  0   |  1   |  0   |  0   |  1   |   1   |  0011 |    0   |   1   |    0   
  1   |  0   |  1   |  0   |  1   |  0   |  1   |  0   |   0   |  0101 |    0   |   0   |    0   
  1   |  0   |  1   |  0   |  1   |  0   |  1   |  0   |   1   |  0000 |    1   |   1   |    1   
  1   |  0   |  1   |  0   |  1   |  0   |  1   |  1   |   0   |  0100 |    0   |   0   |    1   
  1   |  0   |  1   |  0   |  1   |  0   |  1   |  1   |   1   |  0001 |    0   |   1   |    0   
  1   |  0   |  1   |  0   |  1   |  1   |  0   |  0   |   0   |  0001 |    0   |   0   |    0   
  1   |  0   |  1   |  0   |  1   |  1   |  0   |  0   |   1   |  0100 |    0   |   1   |    1   
  1   |  0   |  1   |  0   |  1   |  1   |  0   |  1   |   0   |  0000 |    1   |   0   |    1   
  1   |  0   |  1   |  0   |  1   |  1   |  0   |  1   |   1   |  0101 |    0   |   1   |    0   
  1   |  0   |  1   |  0   |  1   |  1   |  1   |  0   |   0   |  0011 |    0   |   0   |    0   
  1   |  0   |  1   |  0   |  1   |  1   |  1   |  0   |   1   |  0111 |    0   |   1   |    0   
  1   |  0   |  1   |  0   |  1   |  1   |  1   |  1   |   0   |  0010 |    0   |   0   |    1   
  1   |  0   |  1   |  0   |  1   |  1   |  1   |  1   |   1   |  0110 |    0   |   1   |    0   
  1   |  0   |  1   |  1   |  0   |  0   |  0   |  0   |   0   |  1011 |    0   |   0   |    0   
  1   |  0   |  1   |  1   |  0   |  0   |  0   |  0   |   1   |  1011 |    0   |   1   |    1   
  1   |  0   |  1   |  1   |  0   |  0   |  0   |  1   |   0   |  1010 |    0   |   0   |    1   
  1   |  0   |  1   |  1   |  0   |  0   |  0   |  1   |   1   |  1010 |    0   |   1   |    1   
  1   |  0   |  1   |  1   |  0   |  0   |  1   |  0   |   0   |  1000 |    0   |   0   |    1   
  1   |  0   |  1   |  1   |  0   |  0   |  1   |  0   |   1   |  1001 |    0   |   1   |    1   
  1   |  0   |  1   |  1   |  0   |  0   |  1   |  1   |   0   |  1001 |    0   |   0   |    1   
  1   |  0   |  1   |  1   |  0   |  0   |  1   |  1   |   1   |  1000 |    0   |   1   |    1   
  1   |  0   |  1   |  1   |  0   |  1   |  0   |  0   |   0   |  1111 |    0   |   0   |    0   
  1   |  0   |  1   |  1   |  0   |  1   |  0   |  0   |   1   |  1101 |    0   |   1   |    1   
  1   |  0   |  1   |  1   |  0   |  1   |  0   |  1   |   0   |  1110 |    0   |   0   |    1   
  1   |  0   |  1   |  1   |  0   |  1   |  0   |  1   |   1   |  1100 |    0   |   1   |    1   
  1   |  0   |  1   |  1   |  0   |  1   |  1   |  0   |   0   |  1100 |    0   |   0   |    1   
  1   |  0   |  1   |  1   |  0   |  1   |  1   |  0   |   1   |  1110 |    0   |   1   |    1   
  1   |  0   |  1   |  1   |  0   |  1   |  1   |  1   |   0   |  1101 |    0   |   0   |    1   
  1   |  0   |  1   |  1   |  0   |  1   |  1   |  1   |   1   |  1111 |    0   |   1   |    0   
  1   |  0   |  1   |  1   |  1   |  0   |  0   |  0   |   0   |  0111 |    0   |   0   |    0   
  1   |  0   |  1   |  1   |  1   |  0   |  0   |  0   |   1   |  0011 |    0   |   1   |    1   
  1   |  0   |  1   |  1   |  1   |  0   |  0   |  1   |   0   |  0110 |    0   |   0   |    1   
  1   |  0   |  1   |  1   |  1   |  0   |  0   |  1   |   1   |  0010 |    0   |   1   |    1   
  1   |  0   |  1   |  1   |  1   |  0   |  1   |  0   |   0   |  0100 |    0   |   0   |    1   
  1   |  0   |  1   |  1   |  1   |  0   |  1   |  0   |   1   |  0001 |    0   |   1   |    1   
  1   |  0   |  1   |  1   |  1   |  0   |  1   |  1   |   0   |  0101 |    0   |   0   |    1   
  1   |  0   |  1   |  1   |  1   |  0   |  1   |  1   |   1   |  0000 |    1   |   1   |    1   
  1   |  0   |  1   |  1   |  1   |  1   |  0   |  0   |   0   |  0000 |    1   |   0   |    1   
  1   |  0   |  1   |  1   |  1   |  1   |  0   |  0   |   1   |  0101 |    0   |   1   |    1   
  1   |  0   |  1   |  1   |  1   |  1   |  0   |  1   |   0   |  0001 |    0   |   0   |    1   
  1   |  0   |  1   |  1   |  1   |  1   |  0   |  1   |   1   |  0100 |    0   |   1   |    1   
  1   |  0   |  1   |  1   |  1   |  1   |  1   |  0   |   0   |  0010 |    0   |   0   |    1   
  1   |  0   |  1   |  1   |  1   |  1   |  1   |  0   |   1   |  0110 |    0   |   1   |    1   
  1   |  0   |  1   |  1   |  1   |  1   |  1   |  1   |   0   |  0011 |    0   |   0   |    1   
  1   |  0   |  1   |  1   |  1   |  1   |  1   |  1   |   1   |  0111 |    0   |   1   |    0   
  1   |  1   |  0   |  0   |  0   |  0   |  0   |  0   |   0   |  1100 |    0   |   0   |    0   
  1   |  1   |  0   |  0   |  0   |  0   |  0   |  0   |   1   |  1100 |    0   |   1   |    1   
  1   |  1   |  0   |  0   |  0   |  0   |  0   |  1   |   0   |  1101 |    0   |   0   |    0   
  1   |  1   |  0   |  0   |  0   |  0   |  0   |  1   |   1   |  1101 |    0   |   1   |    0   
  1   |  1   |  0   |  0   |  0   |  0   |  1   |  0   |   0   |  1110 |    0   |   0   |    0   
  1   |  1   |  0   |  0   |  0   |  0   |  1   |  0   |   1   |  1111 |    0   |   1   |    0   
  1   |  1   |  0   |  0   |  0   |  0   |  1   |  1   |   0   |  1111 |    0   |   0   |    0   
  1   |  1   |  0   |  0   |  0   |  0   |  1   |  1   |   1   |  1110 |    0   |   1   |    0   
  1   |  1   |  0   |  0   |  0   |  1   |  0   |  0   |   0   |  1010 |    0   |   0   |    0   
  1   |  1   |  0   |  0   |  0   |  1   |  0   |  0   |   1   |  1000 |    0   |   1   |    1   
  1   |  1   |  0   |  0   |  0   |  1   |  0   |  1   |   0   |  1011 |    0   |   0   |    0   
  1   |  1   |  0   |  0   |  0   |  1   |  0   |  1   |   1   |  1001 |    0   |   1   |    0   
  1   |  1   |  0   |  0   |  0   |  1   |  1   |  0   |   0   |  1001 |    0   |   0   |    0   
  1   |  1   |  0   |  0   |  0   |  1   |  1   |  0   |   1   |  1011 |    0   |   1   |    0   
  1   |  1   |  0   |  0   |  0   |  1   |  1   |  1   |   0   |  1000 |    0   |   0   |    1   
  1   |  1   |  0   |  0   |  0   |  1   |  1   |  1   |   1   |  1010 |    0   |   1   |    0   
  1   |  1   |  0   |  0   |  1   |  0   |  0   |  0   |   0   |  0010 |    0   |   0   |    0   
  1   |  1   |  0   |  0   |  1   |  0   |  0   |  0   |   1   |  0100 |    0   |   1   |    1   
  1   |  1   |  0   |  0   |  1   |  0   |  0   |  1   |   0   |  0011 |    0   |   0   |    0   
  1   |  1   |  0   |  0   |  1   |  0   |  0   |  1   |   1   |  0101 |    0   |   1   |    0   
  1   |  1   |  0   |  0   |  1   |  0   |  1   |  0   |   0   |  0001 |    0   |   0   |    0   
  1   |  1   |  0   |  0   |  1   |  0   |  1   |  0   |   1   |  0111 |    0   |   1   |    0   
  1   |  1   |  0   |  0   |  1   |  0   |  1   |  1   |   0   |  0000 |    1   |   0   |    1   
  1   |  1   |  0   |  0   |  1   |  0   |  1   |  1   |   1   |  0110 |    0   |   1   |    0   
  1   |  1   |  0   |  0   |  1   |  1   |  0   |  0   |   0   |  0110 |    0   |   0   |    0   
  1   |  1   |  0   |  0   |  1   |  1   |  0   |  0   |   1   |  0000 |    1   |   1   |    1   
  1   |  1   |  0   |  0   |  1   |  1   |  0   |  1   |   0   |  0111 |    0   |   0   |    0   
  1   |  1   |  0   |  0   |  1   |  1   |  0   |  1   |   1   |  0001 |    0   |   1   |    0   
  1   |  1   |  0   |  0   |  1   |  1   |  1   |  0   |   0   |  0101 |    0   |   0   |    0   
  1   |  1   |  0   |  0   |  1   |  1   |  1   |  0   |   1   |  0011 |    0   |   1   |    0   
  1   |  1   |  0   |  0   |  1   |  1   |  1   |  1   |   0   |  0100 |    0   |   0   |    1   
  1   |  1   |  0   |  0   |  1   |  1   |  1   |  1   |   1   |  0010 |    0   |   1   |    0   
  1   |  1   |  0   |  1   |  0   |  0   |  0   |  0   |   0   |  1101 |    0   |   0   |    0   
  1   |  1   |  0   |  1   |  0   |  0   |  0   |  0   |   1   |  1101 |    0   |   1   |    1   
  1   |  1   |  0   |  1   |  0   |  0   |  0   |  1   |   0   |  1100 |    0   |   0   |    1   
  1   |  1   |  0   |  1   |  0   |  0   |  0   |  1   |   1   |  1100 |    0   |   1   |    1   
  1   |  1   |  0   |  1   |  0   |  0   |  1   |  0   |   0   |  1111 |    0   |   0   |    0   
  1   |  1   |  0   |  1   |  0   |  0   |  1   |  0   |   1   |  1110 |    0   |   1   |    1   
  1   |  1   |  0   |  1   |  0   |  0   |  1   |  1   |   0   |  1110 |    0   |   0   |    1   
  1   |  1   |  0   |  1   |  0   |  0   |  1   |  1   |   1   |  1111 |    0   |   1   |    0   
  1   |  1   |  0   |  1   |  0   |  1   |  0   |  0   |   0   |  1011 |    0   |   0   |    0   
  1   |  1   |  0   |  1   |  0   |  1   |  0   |  0   |   1   |  1001 |    0   |   1   |    1   
  1   |  1   |  0   |  1   |  0   |  1   |  0   |  1   |   0   |  1010 |    0   |   0   |    1   
  1   |  1   |  0   |  1   |  0   |  1   |  0   |  1   |   1   |  1000 |    0   |   1   |    1   
  1   |  1   |  0   |  1   |  0   |  1   |  1   |  0   |   0   |  1000 |    0   |   0   |    1   
  1   |  1   |  0   |  1   |  0   |  1   |  1   |  0   |   1   |  1010 |    0   |   1   |    1   
  1   |  1   |  0   |  1   |  0   |  1   |  1   |  1   |   0   |  1001 |    0   |   0   |    1   
  1   |  1   |  0   |  1   |  0   |  1   |  1   |  1   |   1   |  1011 |    0   |   1   |    0   
  1   |  1   |  0   |  1   |  1   |  0   |  0   |  0   |   0   |  0011 |    0   |   0   |    0   
  1   |  1   |  0   |  1   |  1   |  0   |  0   |  0   |   1   |  0101 |    0   |   1   |    1   
  1   |  1   |  0   |  1   |  1   |  0   |  0   |  1   |   0   |  0010 |    0   |   0   |    1   
  1   |  1   |  0   |  1   |  1   |  0   |  0   |  1   |   1   |  0100 |    0   |   1   |    1   
  1   |  1   |  0   |  1   |  1   |  0   |  1   |  0   |   0   |  0000 |    1   |   0   |    1   
  1   |  1   |  0   |  1   |  1   |  0   |  1   |  0   |   1   |  0110 |    0   |   1   |    1   
  1   |  1   |  0   |  1   |  1   |  0   |  1   |  1   |   0   |  0001 |    0   |   0   |    1   
  1   |  1   |  0   |  1   |  1   |  0   |  1   |  1   |   1   |  0111 |    0   |   1   |    0   
  1   |  1   |  0   |  1   |  1   |  1   |  0   |  0   |   0   |  0111 |    0   |   0   |    0   
  1   |  1   |  0   |  1   |  1   |  1   |  0   |  0   |   1   |  0001 |    0   |   1   |    1   
  1   |  1   |  0   |  1   |  1   |  1   |  0   |  1   |   0   |  0110 |    0   |   0   |    1   
  1   |  1   |  0   |  1   |  1   |  1   |  0   |  1   |   1   |  0000 |    1   |   1   |    1   
  1   |  1   |  0   |  1   |  1   |  1   |  1   |  0   |   0   |  0100 |    0   |   0   |    1   
  1   |  1   |  0   |  1   |  1   |  1   |  1   |  0   |   1   |  0010 |    0   |   1   |    1   
  1   |  1   |  0   |  1   |  1   |  1   |  1   |  1   |   0   |  0101 |    0   |   0   |    1   
  1   |  1   |  0   |  1   |  1   |  1   |  1   |  1   |   1   |  0011 |    0   |   1   |    0   
  1   |  1   |  1   |  0   |  0   |  0   |  0   |  0   |   0   |  1110 |    0   |   0   |    0   
  1   |  1   |  1   |  0   |  0   |  0   |  0   |  0   |   1   |  1110 |    0   |   1   |    1   
  1   |  1   |  1   |  0   |  0   |  0   |  0   |  1   |   0   |  1111 |    0   |   0   |    0   
  1   |  1   |  1   |  0   |  0   |  0   |  0   |  1   |   1   |  1111 |    0   |   1   |    0   
  1   |  1   |  1   |  0   |  0   |  0   |  1   |  0   |   0   |  1101 |    0   |   0   |    0   
  1   |  1   |  1   |  0   |  0   |  0   |  1   |  0   |   1   |  1100 |    0   |   1   |    1   
  1   |  1   |  1   |  0   |  0   |  0   |  1   |  1   |   0   |  1100 |    0   |   0   |    1   
  1   |  1   |  1   |  0   |  0   |  0   |  1   |  1   |   1   |  1101 |    0   |   1   |    0   
  1   |  1   |  1   |  0   |  0   |  1   |  0   |  0   |   0   |  1001 |    0   |   0   |    0   
  1   |  1   |  1   |  0   |  0   |  1   |  0   |  0   |   1   |  1010 |    0   |   1   |    1   
  1   |  1   |  1   |  0   |  0   |  1   |  0   |  1   |   0   |  1000 |    0   |   0   |    1   
  1   |  1   |  1   |  0   |  0   |  1   |  0   |  1   |   1   |  1011 |    0   |   1   |    0   
  1   |  1   |  1   |  0   |  0   |  1   |  1   |  0   |   0   |  1011 |    0   |   0   |    0   
  1   |  1   |  1   |  0   |  0   |  1   |  1   |  0   |   1   |  1000 |    0   |   1   |    1   
  1   |  1   |  1   |  0   |  0   |  1   |  1   |  1   |   0   |  1010 |    0   |   0   |    1   
  1   |  1   |  1   |  0   |  0   |  1   |  1   |  1   |   1   |  1001 |    0   |   1   |    0   
  1   |  1   |  1   |  0   |  1   |  0   |  0   |  0   |   0   |  0001 |    0   |   0   |    0   
  1   |  1   |  1   |  0   |  1   |  0   |  0   |  0   |   1   |  0110 |    0   |   1   |    1   
  1   |  1   |  1   |  0   |  1   |  0   |  0   |  1   |   0   |  0000 |    1   |   0   |    1   
  1   |  1   |  1   |  0   |  1   |  0   |  0   |  1   |   1   |  0111 |    0   |   1   |    0   
  1   |  1   |  1   |  0   |  1   |  0   |  1   |  0   |   0   |  0011 |    0   |   0   |    0   
  1   |  1   |  1   |  0   |  1   |  0   |  1   |  0   |   1   |  0100 |    0   |   1   |    1   
  1   |  1   |  1   |  0   |  1   |  0   |  1   |  1   |   0   |  0010 |    0   |   0   |    1   
  1   |  1   |  1   |  0   |  1   |  0   |  1   |  1   |   1   |  0101 |    0   |   1   |    0   
  1   |  1   |  1   |  0   |  1   |  1   |  0   |  0   |   0   |  0101 |    0   |   0   |    0   
  1   |  1   |  1   |  0   |  1   |  1   |  0   |  0   |   1   |  0010 |    0   |   1   |    1   
  1   |  1   |  1   |  0   |  1   |  1   |  0   |  1   |   0   |  0100 |    0   |   0   |    1   
  1   |  1   |  1   |  0   |  1   |  1   |  0   |  1   |   1   |  0011 |    0   |   1   |    0   
  1   |  1   |  1   |  0   |  1   |  1   |  1   |  0   |   0   |  0111 |    0   |   0   |    0   
  1   |  1   |  1   |  0   |  1   |  1   |  1   |  0   |   1   |  0000 |    1   |   1   |    1   
  1   |  1   |  1   |  0   |  1   |  1   |  1   |  1   |   0   |  0110 |    0   |   0   |    1   
  1   |  1   |  1   |  0   |  1   |  1   |  1   |  1   |   1   |  0001 |    0   |   1   |    0   
  1   |  1   |  1   |  1   |  0   |  0   |  0   |  0   |   0   |  1111 |    0   |   0   |    0   
  1   |  1   |  1   |  1   |  0   |  0   |  0   |  0   |   1   |  1111 |    0   |   1   |    1   
  1   |  1   |  1   |  1   |  0   |  0   |  0   |  1   |   0   |  1110 |    0   |   0   |    1   
  1   |  1   |  1   |  1   |  0   |  0   |  0   |  1   |   1   |  1110 |    0   |   1   |    1   
  1   |  1   |  1   |  1   |  0   |  0   |  1   |  0   |   0   |  1100 |    0   |   0   |    1   
  1   |  1   |  1   |  1   |  0   |  0   |  1   |  0   |   1   |  1101 |    0   |   1   |    1   
  1   |  1   |  1   |  1   |  0   |  0   |  1   |  1   |   0   |  1101 |    0   |   0   |    1   
  1   |  1   |  1   |  1   |  0   |  0   |  1   |  1   |   1   |  1100 |    0   |   1   |    1   
  1   |  1   |  1   |  1   |  0   |  1   |  0   |  0   |   0   |  1000 |    0   |   0   |    1   
  1   |  1   |  1   |  1   |  0   |  1   |  0   |  0   |   1   |  1011 |    0   |   1   |    1   
  1   |  1   |  1   |  1   |  0   |  1   |  0   |  1   |   0   |  1001 |    0   |   0   |    1   
  1   |  1   |  1   |  1   |  0   |  1   |  0   |  1   |   1   |  1010 |    0   |   1   |    1   
  1   |  1   |  1   |  1   |  0   |  1   |  1   |  0   |   0   |  1010 |    0   |   0   |    1   
  1   |  1   |  1   |  1   |  0   |  1   |  1   |  0   |   1   |  1001 |    0   |   1   |    1   
  1   |  1   |  1   |  1   |  0   |  1   |  1   |  1   |   0   |  1011 |    0   |   0   |    1   
  1   |  1   |  1   |  1   |  0   |  1   |  1   |  1   |   1   |  1000 |    0   |   1   |    1   
  1   |  1   |  1   |  1   |  1   |  0   |  0   |  0   |   0   |  0000 |    1   |   0   |    1   
  1   |  1   |  1   |  1   |  1   |  0   |  0   |  0   |   1   |  0111 |    0   |   1   |    1   
  1   |  1   |  1   |  1   |  1   |  0   |  0   |  1   |   0   |  0001 |    0   |   0   |    1   
  1   |  1   |  1   |  1   |  1   |  0   |  0   |  1   |   1   |  0110 |    0   |   1   |    1   
  1   |  1   |  1   |  1   |  1   |  0   |  1   |  0   |   0   |  0010 |    0   |   0   |    1   
  1   |  1   |  1   |  1   |  1   |  0   |  1   |  0   |   1   |  0101 |    0   |   1   |    1   
  1   |  1   |  1   |  1   |  1   |  0   |  1   |  1   |   0   |  0011 |    0   |   0   |    1   
  1   |  1   |  1   |  1   |  1   |  0   |  1   |  1   |   1   |  0100 |    0   |   1   |    1   
  1   |  1   |  1   |  1   |  1   |  1   |  0   |  0   |   0   |  0100 |    0   |   0   |    1   
  1   |  1   |  1   |  1   |  1   |  1   |  0   |  0   |   1   |  0011 |    0   |   1   |    1   
  1   |  1   |  1   |  1   |  1   |  1   |  0   |  1   |   0   |  0101 |    0   |   0   |    1   
  1   |  1   |  1   |  1   |  1   |  1   |  0   |  1   |   1   |  0010 |    0   |   1   |    1   
  1   |  1   |  1   |  1   |  1   |  1   |  1   |  0   |   0   |  0110 |    0   |   0   |    1   
  1   |  1   |  1   |  1   |  1   |  1   |  1   |  0   |   1   |  0001 |    0   |   1   |    1   
  1   |  1   |  1   |  1   |  1   |  1   |  1   |  1   |   0   |  0111 |    0   |   0   |    1   
  1   |  1   |  1   |  1   |  1   |  1   |  1   |  1   |   1   |  0000 |    1   |   1   |    1   